31
0 0  0 0 0 0 0 0 0 0 0 0 0 0 0 0 0 0 0 0  0 0 0 0 0 0 0 0 0 0 0
0 0  0 1 0 0 1 0 0 0 0 0 0 0 0 0 0 0 0 0  0 0 0 0 0 0 0 1 1 1 0
0 0  0 1 0 0 1 0 0 0 0 0 0 0 0 0 0 0 0 0  0 0 0 1 1 1 1 1 0 0 0
0 0  0 1 0 0 1 0 0 0 0 0 0 0 0 0 0 0 0 0  0 1 1 1 0 2 0 0 0 0 0
0 0  0 1 0 0 1 0 0 0 0 0 0 1 0 0 0 0 0 0  0 1 0 0 0 2 0 0 0 0 0
0 13 1 1 1 1 1 1 0 0 0 0 0 1 1 0 0 0 0 0  0 1 0 0 0 2 0 0 0 0 0
0 0  0 0 0 0 0 1 0 0 0 0 0 0 1 0 0 0 0 0  0 1 0 0 0 2 2 2 2 2 0
0 0  0 1 0 0 0 1 0 0 0 0 0 1 1 1 1 1 0 0  0 1 0 0 0 0 0 0 0 2 0
0 0  0 1 0 0 0 1 0 0 0 0 0 0 0 0 0 1 0 0  0 1 1 1 1 1 1 0 0 2 0
0 0  0 1 1 1 1 1 1 1 1 1 1 1 1 1 1 1 0 0  0 1 0 0 0 0 1 0 0 2 0
0 0  0 0 0 1 0 0 0 0 0 0 0 0 0 0 0 1 0 0  0 1 0 0 0 0 1 0 0 2 0
0 0  0 0 0 1 0 0 0 0 0 0 0 0 0 0 0 1 0 0  0 1 0 0 0 0 1 0 0 2 0
0 0  0 0 0 1 0 0 0 0 0 0 0 0 0 0 0 1 0 0  0 1 0 0 0 0 1 0 0 2 0
0 0  0 0 0 1 0 0 0 0 0 0 0 0 0 0 0 1 0 0  0 1 0 0 0 0 1 0 0 2 0
0 0  0 0 1 1 0 0 0 0 0 0 0 0 0 0 0 1 1 1  1 1 0 0 0 0 1 0 0 2 0
0 0  0 0 1 0 0 0 0 3 1 3 0 0 0 0 0 1 0 0  0 0 0 0 0 0 1 0 0 2 0
0 0  1 1 1 0 0 0 0 0 1 0 0 0 0 0 0 1 0 0  0 0 0 0 0 0 0 0 0 2 0
0 0  0 0 1 1 1 1 1 1 1 1 1 1 1 1 1 1 0 0  0 0 1 1 1 1 1 0 0 2 0
0 0  0 0 0 0 1 0 0 0 1 0 0 0 0 0 1 0 0 0  0 0 1 0 0 0 0 0 0 2 0
0 0  0 0 0 0 1 0 0 0 1 0 0 0 0 0 1 0 0 0  0 0 1 0 0 0 0 0 0 2 0
0 0  0 0 0 0 1 0 0 0 1 1 1 1 0 0 1 0 0 0  0 0 1 1 1 1 1 0 0 2 0
0 0  0 0 0 0 1 0 0 0 1 0 0 0 0 0 1 0 0 0  0 0 1 0 0 0 1 0 0 2 0
0 0  1 1 1 1 1 0 0 0 1 1 1 1 1 1 1 1 1 1  1 1 1 0 0 0 1 0 0 2 0
0 0  1 0 0 0 0 0 0 0 1 0 0 0 0 0 0 0 0 0  1 0 0 0 0 0 1 0 0 2 0
0 0  1 0 0 0 0 0 0 0 1 0 0 0 0 0 1 0 0 0  1 0 0 0 0 0 1 0 0 2 0
0 0  1 1 0 0 0 0 0 0 1 0 0 0 0 0 1 0 0 0  1 0 0 0 0 0 1 0 0 2 0
0 0  0 1 0 1 1 1 1 1 1 1 1 1 1 1 1 0 0 0  1 1 1 1 1 1 1 1 0 2 0
0 0  0 1 0 1 0 0 0 0 1 0 0 0 0 0 0 0 0 0  0 0 0 0 0 0 0 0 0 2 0
0 0  0 1 1 1 0 0 0 0 1 1 1 1 1 1 1 1 1 1  0 0 0 0 0 0 0 0 0 2 0
0 0  0 0 0 0 0 0 0 0 0 0 0 0 0 0 0 0 0 10 2 2 2 2 2 2 2 2 2 2 0
0 0  0 0 0 0 0 0 0 0 0 0 0 0 0 0 0 0 0 0  0 0 0 0 0 0 0 0 0 0 0
3
17 16
17 6
9 17
17 17
19 10
28 10